345474.2367078938	9119349.722578041	485.7
345474.2291335149	9119351.793582201	485.6
345474.2155637844	9119354.917332157	485.5
345474.20674529986	9119356.997621205	485.5
345474.198600485	9119359.561941668	485.4
345475.00317576586	9119361.503661828	485.3
345475.40052839357	9119364.027335191	485.2
345475.7995149685	9119366.036684752	485.2
345476.19617178023	9119368.570529517	485.1
345476.18815368		9119370.642416816	485.0
345476.1802537123	9119372.711982235	485.0
345476.17048929754	9119375.298856445	485.0
345476.16281247244	9119377.367648523	485.0
345476.5621105257	9119379.382749498	485.0
345476.55289515236	9119381.970289065	485.0
345476.94988002616	9119384.505019564	485.0
345477.7562768132	9119386.982639063	485.0
345477.7525498478	9119388.016703716	485.0
345477.73939507164	9119391.635984914	485.0
345478.1360400347	9119394.693669137	485.0
345478.5312590353	9119398.2694377		485.0
345478.5213813954	9119400.857306736	485.0
345479.32948594424	9119403.351630198	485.0
345479.3234365004	9119404.908088956	485.1
345480.1305389025	9119407.925585067	485.2
345480.5293239315	9119410.482327884	485.2
345481.338822608	9119412.988267368	485.3
345481.73818715		9119416.056908557	485.4
345482.1418469763	9119418.086400142	485.4
345482.5478154925	9119419.59758919	485.4
345482.94958562375	9119422.15190919	485.5
345483.35419121594	9119423.674926154	485.6
345484.167380849	9119426.197908059	485.6
345484.57409386407	9119427.717172263	485.6
345485.3881438527	9119430.246570945	485.7
345486.60750475584	9119434.318672946	485.8
345487.84181087615	9119436.291486213	485.8
345488.66446253104	9119438.299949564	485.9
345489.4863296299	9119440.83247096	485.9
345490.3111656666	9119442.847023813	485.9
345491.1351035597	9119445.386629583	486.0
345491.5446325578	9119447.44113297	486.1
345492.3693127121	9119449.98947739	486.1
345493.60920454643	9119451.485578818	486.1
345494.4312815246	9119454.053930162	486.2
345495.255460958	9119457.140267164	486.3
345496.0856202579	9119459.69847205	486.3
345496.9177577171	9119461.73826271	486.3
345497.33032143326	9119464.328558933	486.4
345498.16354047996	9119466.374545949	486.5
345498.9961840011	9119468.948019817	486.5
345499.8257026541	9119471.532762693	486.6
345501.08030058583	9119473.048708266	486.6
345502.3311913281	9119476.14600185	486.6
345503.16632212896	9119478.213559175	486.7
345504.00043052575	9119480.81037118	486.7
345504.83730850683	9119482.882910673	486.8
345506.09621964965	9119485.468113687	486.8
345506.9405071399	9119487.013521165	486.8
345508.20753535617	9119490.65151752	486.9
345509.4832267057	9119492.70962019	486.9
345510.33433067484	9119494.260579895	487.0
345511.61195013346	9119496.855688086	487.0
345512.8939953353	9119498.925755277	487.0
345513.7476829379	9119501.015492063	487.0
345514.60268415464	9119503.107997885	487.1
345515.4588887433	9119505.20327237	487.1
345516.3158553663	9119507.301424608	487.1
345517.1741352292	9119509.402456466	487.1
345518.03203562216	9119512.038274376	487.1
345518.8911360471	9119514.677856196	487.1
345519.3195179835	9119516.797667783	487.1
345520.1802114408	9119519.975581018	487.2
345520.6103863071	9119521.566472268	487.2
345521.9012378148	9119524.746617539	487.1
345523.19537840073	9119527.932192534	487.2
345524.055283166	9119530.594889048	487.2
345524.4794843827	9119533.265287291	487.3
345524.90522417816	9119535.937128333	487.3
345525.3332757407	9119538.609972455	487.4
345526.20130841713	9119541.281653764	487.5
345527.07098246727	9119543.95698989	487.6
345527.50435654947	9119546.100372706	487.6
345528.81685382547	9119548.78174357	487.7
345529.6918944516	9119551.467603315	487.8
345530.5682457314	9119554.157116756	487.9
345531.00208079274	9119556.847673858	488.0
345531.87774837343	9119559.543819997	488.0
345532.7563320361	9119561.704856899	488.0
345533.1930709515	9119563.863953989	488.0
345533.63013540336	9119566.024600353	488.0
345534.06752576516	9119568.186685408	488.0
345535.3903111225	9119571.443462625	488.0
345535.82878758514	9119573.61041704	488.0
345536.26770057465	9119575.778699934	488.0
345537.5949613117	9119579.048762335	488.0
345538.4797931183	9119581.773580654	488.0
345539.812819485	9119584.513519706	488.0
345540.2555186079	9119586.150234979	488.0
345541.1441391394	9119588.342711579	488.0
345542.4823056544	9119591.094942797	488.0
345543.8221106073	9119593.851713464	488.0
345544.26687874395	9119595.496066		488.0
345545.6122473631	9119597.71718345	488.0
345546.9587321264	9119600.487357326	488.0
345548.30936077924	9119602.71789216	488.0
345549.66251088574	9119604.95263769	488.0
345551.0197016783	9119606.645642733	488.0
345552.83302027924	9119608.908155955	488.0
345554.19624760456	9119610.609143406	488.0
345555.563966593	9119611.765406132	488.0
345557.8519523961	9119612.965260958	488.0
345559.6866792619	9119614.147987444	488.0
345561.0648451712	9119615.312026279	488.0
345563.3704331411	9119616.522777703	488.0
345564.759483533	9119616.589300867	488.0
345566.1477693415	9119617.760008877	488.0
345568.00416913966	9119618.956078539	488.0
345570.3343025849	9119619.625158636	488.0
345572.20369445137	9119620.272993555	488.0
345574.0762710905	9119621.477632746	488.0
345576.42633438983	9119622.15385743	488.0
345578.31024618726	9119623.3643958		488.1
345580.6705155928	9119625.160766412	488.1
345583.0424864157	9119625.84613286	488.1
345584.943560928	9119627.06712399	488.2
345585.89596801176	9119627.678897578	488.2
345588.76077994274	9119629.518999042	488.3
345590.6787145828	9119630.188893277	488.3
345594.52919925156	9119632.095808879	488.4
345597.4283403363	9119633.955710031	488.5
345600.34127707774	9119635.25786892	488.6
345602.7749176972	9119637.102038028	488.6
345604.2406851095	9119637.758014515	488.5
345606.1983110989	9119639.012703253	488.5
345608.1613258994	9119640.271280602	488.5
345610.1276918158	9119642.102808034	488.5
345611.6047845583	9119643.90680137	488.5
345613.5789992581	9119646.317929087	488.5
345615.0590301638	9119649.272564998	488.5
345616.5482660722	9119650.518478738	488.5
345617.53559744486	9119653.448223019	488.4
345619.0294832741	9119655.2742792		488.4
345620.022696331	9119657.639287744	488.3
345621.5193576886	9119660.045590589	488.3
345623.5255127185	9119662.498516208	488.2
345624.52639517095	9119664.877705378	488.2
345625.52903187054	9119667.259775646	488.2
345626.0258616784	9119669.027494235	488.2
345627.0226908613	9119671.98513759	488.1
345627.5157272851	9119674.905577116	488.1
345628.51737779065	9119677.871972902	488.1
345629.525008381	9119679.691073721	488.1
345630.0207708331	9119682.620479753	488.1
345631.0307005816	9119684.444343429	488.2
345632.0351692166	9119687.425124587	488.2
345633.5496680497	9119690.45695358	488.3
345634.0518487182	9119692.239950756	488.3
345635.06287047314	9119694.65301267	488.4
345636.07936281513	9119696.492380207	488.4
345637.60219503305	9119700.123716233	488.5
345638.619240047	9119702.548741529	488.5
345639.6375983497	9119704.976646423	488.6
345640.6580363887	9119707.408981701	488.6
345642.1975116494	9119709.902126623	488.6
345643.7401661216	9119712.400590284	488.6
345644.7631145142	9119715.426551953	488.5
345645.79055504804	9119717.874724321	488.5
345646.8248055944	9119720.330328869	488.5
345647.859266271	9119722.78903045	488.4
345648.8950394923	9119725.2508328		488.4
345649.4095684743	9119727.652481575	488.4
345650.9700796094	9119730.184622968	488.3
345653.05381190876	9119731.607050158	488.3
345655.67419747263	9119731.92489546	488.2
345657.7829449312	9119731.005889194	488.1
345659.37289750314	9119729.433451466	488.1
345660.9692630039	9119727.269297332	488.0
345662.03634770587	9119725.627743298	488.0
345663.6473773206	9119723.462975252	487.9
345665.2762400699	9119721.305897886	487.9
345666.3686855321	9119719.076672636	487.8
345667.998234674	9119717.49828663	487.8
345669.09810940234	9119714.670160439	487.7
345671.26870367886	9119712.545770079	487.7
345673.44216196286	9119711.008151097	487.6
345675.0741922426	9119709.999283878	487.5
345676.7115557407	9119708.391950961	487.5
345678.91170963366	9119706.849224683	487.3
345680.55017630203	9119705.827772463	487.2
345682.7349196232	9119703.659306375	487.1
345684.92756972666	9119702.086033136	487.0
345687.12805841106	9119700.509358231	486.9
345688.78123152617	9119698.269755967	486.7
345690.4356390247	9119697.228673391	486.6
345692.64659796876	9119696.23890603	486.6
345694.8646810802	9119694.64260635	486.5
345697.0876164755	9119694.250810092	486.4
345699.3170601704	9119693.857819334	486.4
345702.1135954631	9119692.910065312	486.3
345703.79308332934	9119691.852479547	486.3
345707.15195551154	9119690.940356957	486.2
345709.9596595194	9119689.36352476	486.1
345713.34254353534	9119687.21979223	486.1
345716.18556744826	9119686.249193227	486.0
345718.4668656159	9119685.22516049	486.0
345720.751929087	9119684.19605351	486.0
345723.0431756833	9119683.164092164	486.0
345725.3446672492	9119681.515435338	486.0
345727.6485054117	9119680.47632842	486.0
345728.8049386315	9119679.339562524	486.0
345731.70415267587	9119677.72709896	486.0
345733.4452825834	9119676.012738122	486.1
345736.34807783057	9119675.003303992	486.1
345738.114562962	9119673.907970542	486.2
345740.47829506104	9119672.859113174	486.2
345743.4204617384	9119671.84516734	486.2
345746.35594021063	9119670.820361424	486.3
345748.71335499076	9119669.748701895	486.3
345751.07750483695	9119668.673968686	486.3
345753.4486106065	9119667.59605196	486.4
345755.2294987724	9119667.098365566	486.4
345757.6161903647	9119665.38906367	486.4
345760.0114295372	9119664.932934599	486.5
345763.066487691	9119664.53676313	486.5
345766.12064399896	9119664.76550163	486.5
345767.95043445146	9119664.90019204	486.5
345770.39687839616	9119665.080207357	486.5
345772.85092711286	9119665.260801194	486.4
345777.77391046984	9119665.621043563	486.4
345779.6224456624	9119665.754691064	486.4
345785.1569527744	9119666.144979447	486.4
345787.6255780027	9119666.318323204	486.5
345791.34229337197	9119666.579159284	486.6
345795.0748801025	9119666.841044005	486.6
345797.5722726636	9119667.016143296	486.7
345800.7042910154	9119667.235743133	486.7
345803.21843611985	9119667.412115209	486.8
345806.37712198996	9119667.635011807	486.8
345807.6530870694	9119667.727353234	486.9
345811.5485060925	9119668.6724256		486.9
345814.1348126586	9119669.51464934	487.0
345816.72144927346	9119670.357095202	487.1
345819.95075500244	9119670.593499823	487.2
345823.22520451073	9119672.801999906	487.3
345825.8199981346	9119672.992908843	487.4
345829.07486948284	9119673.232495608	487.6
345833.0016083778	9119673.522569286	487.7
345835.6390447763	9119673.719704017	487.8
345838.2847473951	9119673.91741947	487.9
345841.61965945887	9119675.492141554	488.0
345845.65127555316	9119675.804022169	488.1
345849.0784374878	9119676.081678247	488.1
345851.1381986899	9119676.247553622	488.1
345855.93274719676	9119677.293197967	488.0
345860.0259194974	9119678.277639152	488.0
345862.7691330147	9119678.491275262	488.0
345864.13072090654	9119678.59418892	488.0
345870.2786723848	9119680.402907		488.0
345873.0121420572	9119681.281232886	487.9
345877.13426608057	9119681.593527194	487.7
345879.87734929816	9119683.149989206	487.4
345882.64416172437	9119683.361602735	487.0
345885.41979120334	9119683.573909407	486.7
345888.8929892217	9119684.517215407	486.2
345893.12385234225	9119684.850333951	485.7
345895.9365072055	9119685.06740968	485.4
345899.462357452	9119685.33887094	485.0
345903.00231483247	9119685.611485455	484.6
345905.8443981131	9119685.830429388	484.3
345909.40738288837	9119686.791841337	483.9
345912.26653576747	9119687.701000247	483.7
345912.9836949969	9119687.756836735	483.7
345917.29389116797	9119689.47208466	483.4
345920.178372122	9119690.389511878	483.1
345923.7978554425	9119691.36759064	482.9
345926.705904288	9119692.292174466	482.7
345929.62096607103	9119693.914348591	482.5
345933.28751671355	9119694.20939478	482.2
345936.9707007003	9119694.50836734	482.0
345940.66920784186	9119694.807501962	481.8
345942.8956083022	9119694.987538053	481.7
345945.8726649531	9119695.22838889	481.6
345950.3566555417	9119695.591109281	481.4
345952.61941654835	9119695.776907567	481.3
345957.2198476703	9119696.165012842	481.0
345961.81852763525	9119696.549351852	480.8
345965.03440418927	9119696.845194792	480.7
345968.08299057686	9119697.091262145	480.6
345971.13622943184	9119698.048513584	480.6
345974.20740597544	9119698.29742145	480.6
345978.8356575521	9119698.673896518	480.6
345983.4678886422	9119699.047177602	480.6
345987.37292212364	9119699.366468964	480.6
345992.0896600372	9119699.75430005	480.6
345996.0228001685	9119700.075123208	480.7
345999.94361681223	9119700.38893756	480.8
346003.0920627237	9119700.64097966	480.9
346006.254283556	9119700.894616252	481.0
346009.42895678757	9119701.14973228	481.2
346013.4300265698	9119700.746565944	481.3
346015.84305093635	9119700.213516891	481.4
346020.698208723	9119699.145857995	481.6
346025.4977208177	9119697.319512105	481.9
346029.68167983147	9119697.667719819	482.0
346033.0509598849	9119696.47804258	482.0
346036.5562558946	9119694.577103201	482.0
346039.21555420174	9119691.859183798	482.1
346041.8715116065	9119689.869230222	482.2
346045.3115123884	9119688.66287167	482.2
346046.96175667713	9119685.815588364	482.4
346047.75708107976	9119682.899951728	482.5
346048.5964783509	9119679.99143076	482.6
346048.6312823866	9119677.030650608	482.7
346048.6644384382	9119674.068206122	482.8
346048.70494332083	9119670.366087304	482.9
346048.7412609552	9119666.663401416	482.9
346048.72263851645	9119663.690497693	483.0
346048.73012309347	9119660.723653698	483.1
346047.06919010234	9119657.661711972	483.0
346045.39524143975	9119654.601937871	483.0
346043.7396681836	9119651.552620662	482.9
346042.06176275446	9119649.240162488	482.9
346039.5272645861	9119646.14729191	482.7
346037.8450918697	9119643.107394768	482.6
346036.1660973455	9119640.073148062	482.5
346035.33305387205	9119637.085992454	482.5
346034.5059639091	9119632.630074615	482.5
346032.8333117829	9119629.611330906	482.3
346032.00332009606	9119626.63469098	482.3
346032.0165010783	9119622.961010348	482.3
346030.36485480587	9119619.957376882	482.1
346030.3753247341	9119617.021064008	482.2
346028.75588432455	9119613.295091152	482.2
346027.9611632144	9119609.602757182	482.3
346026.3740886388	9119605.89038478	482.3
346024.8254582139	9119602.187099481	482.4
346023.2325041124	9119598.48576545	482.5
346022.44694334554	9119595.541234093	482.5
346022.45759419864	9119592.616864828	482.6
346020.83975735435	9119589.656804567	482.7
346020.0373092026	9119586.71840878	482.7
346019.2328278894	9119584.51240678	482.7
346018.4342612509	9119580.849364253	482.7
346016.82085160195	9119578.634878917	482.7
346015.2155467101	9119574.967783755	482.7
346013.59004860313	9119571.306370651	482.8
346012.7639144419	9119569.114007732	482.8
346010.35411346855	9119566.182455933	482.8
346009.57042630436	9119563.27121631	482.9
346008.7945574087	9119560.362657094	482.9
346008.02179322194	9119556.730996696	483.0
346006.4478721912	9119553.82527024	483.1
346006.46088813804	9119550.201351576	483.2
346006.47134547564	9119547.302084088	483.3
346004.8935317906	9119544.40662869	483.4
346004.9039803258	9119541.510015177	483.5
346002.52023800195	9119539.349877102	483.6
346000.93874212366	9119536.467679156	483.7
345999.36748317233	9119533.59016025	483.8
345996.9994609144	9119530.725651972	484.0
345995.43147230917	9119527.85920234	484.2
345993.87824161956	9119524.997115279	484.3
345993.1010210108	9119522.848044861	484.5
345990.7537597024	9119519.288251225	484.7
345989.18691661244	9119516.441931468	484.8
345987.5796960617	9119512.886518268	485.0
345987.5925900352	9119510.017005976	485.1
345987.60790820734	9119506.430140553	485.1
345986.85323726916	9119503.57838193	485.2
345985.33341522864	9119500.747813188	485.3
345983.8085047599	9119497.922424633	485.4
345982.2522577289	9119495.105334505	485.5
345981.4813312105	9119492.268560234	485.6
345979.9259487657	9119490.174363453	485.6
345978.37239908974	9119486.657172032	485.7
345976.8125409321	9119483.14736835	485.7
345976.03406600724	9119480.326160772	485.7
345975.2562440572	9119477.507498812	485.8
345973.70176039514	9119474.723589446	485.8
345972.1500165181	9119471.944554968	485.9
345969.8296175556	9119468.494881745	485.9
345969.0685913933	9119464.97992599	486.0
345968.30761089857	9119462.886644162	486.0
345968.3090136143	9119459.340426452	486.0
345967.54898479325	9119456.541618943	486.0
345966.03208568215	9119453.07552999	486.0
345964.5575282185	9119449.606930032	486.0
345963.8345321447	9119446.810790995	486.0
345963.1061235578	9119444.017840583	486.0
345962.3643219772	9119440.523297034	486.0
345962.38922145957	9119437.690317834	486.0
345961.6686999232	9119434.194850907	486.0
345960.94872152363	9119430.701818636	486.0
345959.4690354104	9119427.9681453		485.9
345957.2406233789	9119425.288891966	485.9
345955.7666376901	9119422.56485855	485.8
345954.2901443126	9119420.550105352	485.8
345952.8259001649	9119417.129422557	485.7
345951.3258235279	9119414.427417587	485.6
345950.5829589212	9119411.67179539	485.6
345949.84074802615	9119408.918497644	485.5
345948.3449320348	9119406.228118263	485.4
345946.85152620496	9119403.542280909	485.3
345945.3607510165	9119400.860986326	485.2
345943.859744038	9119397.488835867	485.0
345942.36864737584	9119394.120146938	484.9
345941.6297831052	9119391.388092432	484.8
345941.6174977876	9119388.598115187	484.7
345940.85665622016	9119385.877708292	484.6
345939.3492320109	9119383.230085306	484.4
345937.8445475575	9119380.587337214	484.3
345937.0902517085	9119378.572149524	484.2
345934.86886269914	9119376.001512079	484.0
345933.40168827045	9119372.66596822	483.9
345931.20593076455	9119370.796412183	483.8
345929.7550492261	9119367.467779448	483.7
345928.28910516633	9119364.844514105	483.7
345926.8230060098	9119362.91925741	483.6
345924.6310737028	9119359.690409381	483.6
345923.175778318	9119357.080560496	483.5
345922.44864087226	9119355.086806994	483.5
345922.4490723831	9119351.633697335	483.5
345921.7423866133	9119348.253836429	483.5
345921.0435124211	9119345.563275002	483.4
345920.3445370247	9119342.185430624	483.4
345918.9068272185	9119339.59156507	483.4
345918.1711554852	9119336.926866459	483.5
345917.43602683896	9119334.264602514	483.6
345915.97685048124	9119331.69443986	483.6
345915.29105900193	9119329.01475974	483.7
345914.6058124745	9119326.336961372	483.7
345913.8998918246	9119325.045822565	483.8
345912.4961119208	9119321.090333952	483.8
345911.06413731514	9119318.52866741	483.9
345909.6342456747	9119315.285917953	483.9
345908.2072017634	9119313.417853868	483.9
345906.7820187079	9119310.184630437	484.0
345904.64929723134	9119307.736154523	484.0
345903.94264082913	9119305.098093813	484.0
345903.2326555797	9119301.78191769	484.0
345901.77205736237	9119299.27422965	483.9
345900.3217068091	9119296.768013788	483.9
345899.5798782021	9119294.164225748	483.9
345898.8341737154	9119291.56562204	483.8
345897.37878920627	9119288.396656077	483.8
345895.96957278595	9119285.886487458	483.7
345895.27068490593	9119283.950553702	483.6
345893.87821234536	9119280.759793997	483.6
345893.1876825148	9119278.145452531	483.5
345892.4976965098	9119275.533324568	483.5
345891.81077284715	9119272.243987445	483.5
345891.1227583003	9119269.63573655	483.5
345891.16053925804	9119266.222894842	483.5
345890.4728180858	9119262.94129586	483.4
345888.38702736207	9119260.568506543	483.4
345886.30805566977	9119258.200495286	483.3
345885.61924171064	9119256.285053419	483.3
345883.5422135534	9119253.929212842	483.2
345882.16317351453	9119251.461057035	483.2
345882.17448901694	9119248.083291542	483.2
345880.7977422528	9119245.621667886	483.1
345880.1078868829	9119243.720930068	483.1
345878.7348280642	9119240.592825942	483.1
345878.05961250945	9119238.014365124	483.0
345876.0006672017	9119235.690544061	482.9
345873.25305946195	9119235.512939677	482.8
345869.828085387	9119236.130136797	482.6
345866.41656870686	9119236.744946342	482.4
345863.0183991825	9119237.357367944	482.3
345860.3072916946	9119238.512650875	482.1
345858.27844794944	9119239.543622632	482.0
345855.5593247343	9119241.37366494	481.8
345852.16237495944	9119242.668064682	481.5
345850.1296435826	9119243.707537996	481.4
345846.083342765	9119244.456438592	481.2
345843.38974189246	9119245.617862046	481.1
345840.0550629555	9119246.884051472	481.1
345836.74646803853	9119247.478749115	481.1
345833.45520053955	9119248.067644183	481.0
345830.83151166496	9119249.190709548	481.0
345826.91116111446	9119249.890603483	481.0
345824.3078910543	9119251.006439034	481.1
345821.0631836156	9119252.23544353	481.1
345819.1229778466	9119252.580647303	481.1
345815.9017715873	9119253.152195355	481.1
345813.3324809349	9119253.608950926	481.3
345810.1827763433	9119254.780108765	481.6
345808.26951511414	9119255.763254914	481.7
345804.467383057	9119257.069992777	482.0
345800.6803356247	9119257.730635935	482.3
345796.91119710717	9119259.027974626	482.6
345793.7834999216	9119260.210927917	482.8
345790.6578384222	9119260.759796126	483.0
345786.92903083574	9119261.41068274	483.3
345784.4540840385	9119261.841326432	483.5
345781.3699137201	9119262.378170177	483.6
345778.2777022418	9119263.564449579	483.8
345776.4237406856	9119263.898885146	483.9
345772.7278009384	9119265.196248649	484.1
345770.2691186981	9119265.6418756		484.3
345767.8091997872	9119266.094575655	484.4
345764.7453322824	9119266.658359135	484.5
345762.90832382865	9119266.999818407	484.6
345759.30118486215	9119267.628997881	484.8
345756.9058756258	9119268.046639629	484.9
345755.11459034745	9119268.982203072	485.0
345750.94897492335	9119269.706805706	484.9
345748.57826698443	9119270.119222278	484.8
345746.2146184796	9119270.530446202	484.7
345743.85791954305	9119270.940366525	484.7
345740.91392449674	9119271.459546434	484.6
345737.99601901125	9119273.194581237	484.5
345734.4985352545	9119273.801239148	484.3
345732.1754835756	9119274.20408484	484.3
345729.2850437716	9119275.315736353	484.2
345727.55734801263	9119276.224310363	484.1
345724.67979332525	9119276.721155025	484.0
345720.6688720372	9119278.023862131	483.9
345717.79932119616	9119278.533561304	483.8
345714.92243598215	9119279.060486665	483.7
345711.4850656296	9119279.690016339	483.6
345708.65214460803	9119280.19088166	483.5
345705.8312997238	9119281.292593742	483.5
345703.59064616874	9119282.885607226	483.5
345700.8045066751	9119283.960785689	483.5
345699.69169407117	9119284.75200973	483.5
345696.36706278636	9119285.913389685	483.5
345693.6068664335	9119286.977707753	483.5
345691.40740205464	9119287.34569361	483.5
345688.66689663276	9119287.803963974	483.5
345686.47919088934	9119288.76881446	483.6
345684.84404415294	9119289.041839138	483.6
345681.0418651195	9119289.67654509	483.7
345678.33743154764	9119290.127970215	483.7
345676.1805468965	9119290.488026926	483.7
345674.02983902534	9119290.847109202	483.7
345671.34744238533	9119291.88769272	483.8
345669.20674854534	9119292.837883374	483.9
345667.06560814544	9119293.203854		483.9
345664.912803379	9119294.767747978	484.0
345662.2391716952	9119295.238407698	484.0
345660.63273647113	9119296.701087372	484.1
345657.4391085551	9119297.851076009	484.1
345655.84858640895	9119298.130775386	484.1
345653.73477131047	9119298.500929642	484.1
345650.59307433345	9119299.030382382	484.0
345647.46728559525	9119300.135702848	484.0
345644.875387728	9119301.146180816	484.0
345641.78205471416	9119301.652463485	484.0
345638.70173933124	9119302.156025443	483.9
345636.14436968113	9119302.573997013	483.9
345634.10269076936	9119303.48592765	483.8
345631.0535948622	9119303.983180987	483.8
345628.0094293253	9119304.48940819	483.8
345625.47632209957	9119305.490242325	483.9
345622.95492645603	9119306.483375095	483.9
345619.94191924273	9119307.55446301	483.9
345617.92422675434	9119308.479855025	484.0
345616.92032929714	9119308.653278412	484.0
345613.9196278271	9119309.736461397	484.0
345611.4306978803	9119310.160192821	484.0
345608.45554202015	9119310.666652657	484.0
345606.4792009833	9119311.003100062	484.0
345604.0233976743	9119311.410797998	484.0
345602.06761559926	9119311.731280116	484.0
345600.11712839734	9119312.050784834	484.0
345597.19616768265	9119312.537522392	484.0
345594.7704691382	9119312.942557257	484.0
345591.86768856		9119313.432120716	484.0
345589.4547537832	9119313.844275985	483.9
345588.01196180144	9119314.0891973		483.9
345586.5720375482	9119314.333685953	483.9
345584.178965776	9119314.740047287	483.9
345582.2722368152	9119315.614723854	483.9
345580.36892309564	9119315.937041681	483.9
345578.94655078807	9119316.727545932	483.8
345576.10719163774	9119317.20737078	483.8
345573.7515380813	9119318.152958527	483.8
345571.41236893216	9119318.528317062	483.7
345569.0820320821	9119318.899834957	483.7
345566.29437720624	9119319.346769666	483.8
345563.9790314358	9119319.718780462	483.8
345561.66921191185	9119320.63953087	483.8
345559.3688703258	9119321.008164182	483.9
345557.0739503176	9119321.923877992	483.9
345555.2449301684	9119322.216257058	483.9
345552.50748140353	9119323.202350719	483.9
345549.78159023105	9119323.64075766	483.9
345547.51796963264	9119324.006197348	483.9
345545.2591232805	9119324.914513154	483.9
345543.0127887288	9119325.806725916	483.9
345541.2214011168	9119326.087178301	483.9
345538.9884814782	9119326.436686898	483.9
345537.20530045126	9119327.255603623	483.9
345534.9832398498	9119328.141594999	484.0
345532.326162545	9119329.093347045	484.0
345530.5579101845	9119329.37830086	484.0
345528.787081441	9119330.7484131		484.0
345527.03077431396	9119331.0217959		484.0
345525.2704531024	9119332.38165928	484.0
345523.51466364006	9119333.737999266	484.0
345523.4977127417	9119335.908939792	483.8
345523.48240943707	9119338.601956068	483.6
345523.4768335778	9119340.73445169	483.5
345523.46956474043	9119343.398853773	483.5
345523.89987600525	9119345.469019758	483.4
345524.33028181986	9119347.543830605	483.4
345524.76514529955	9119349.604501717	483.3
345525.2021142775	9119351.661972998	483.3
345526.07694317383	9119353.66054941	483.3
345526.9531595954	9119356.19292262	483.2
345526.95015327167	9119357.79517349	483.2
345526.9395108691	9119360.47924815	483.1
345526.9288647452	9119363.16442864	483.1
345526.4818532239	9119365.370072395	483.1
345524.7287245169	9119366.136341926	483.1
345522.98215840117	9119366.365081634	483.1
345520.80523986707	9119366.649424022	483.1
345520.3709169383	9119366.705566226	483.1
